# Created by Octave 3.8.0, Sat Jun 10 18:31:28 2017 GMT <notandi@Notandis-MacBook-Pro.local>
# name: v
# type: range
# base, limit, increment
1 6 1


